[gd_scene load_steps=9 format=2]

[ext_resource path="res://assets/Steve.tscn" type="PackedScene" id=1]
[ext_resource path="res://scripts/Steve.gd" type="Script" id=2]
[ext_resource path="res://new_env.tres" type="Environment" id=3]

[sub_resource type="BoxShape" id=1]

[sub_resource type="CubeMesh" id=2]

[sub_resource type="BoxShape" id=3]

[sub_resource type="CubeMesh" id=4]
size = Vector3( 30, 2, 30 )

[sub_resource type="SpatialMaterial" id=5]
albedo_color = Color( 0.443137, 0.752941, 0.505882, 1 )

[node name="Level" type="Spatial"]

[node name="Box" type="RigidBody" parent="."]
transform = Transform( 1, 0, 0, 0, 1, 0, 0, 0, 1, 6.24935, 8.19855, -6.15503 )

[node name="CollisionShape" type="CollisionShape" parent="Box"]
shape = SubResource( 1 )

[node name="MeshInstance" type="MeshInstance" parent="Box"]
mesh = SubResource( 2 )
material/0 = null

[node name="Floor" type="StaticBody" parent="."]
transform = Transform( 1, 0, 0, 0, 1, 0, 0, 0, 1, 0, 0.145642, 0 )

[node name="CollisionShape" type="CollisionShape" parent="Floor"]
transform = Transform( 15, 0, 0, 0, 1, 0, 0, 0, 15, 0, 0, 0 )
shape = SubResource( 3 )

[node name="MeshInstance" type="MeshInstance" parent="Floor"]
mesh = SubResource( 4 )
material/0 = SubResource( 5 )

[node name="Steve" parent="." instance=ExtResource( 1 )]
transform = Transform( 1, 0, 0, 0, 1, 0, 0, 0, 1, 0, 1.62634, 0 )
script = ExtResource( 2 )

[node name="CameraTarget" type="Spatial" parent="Steve"]
transform = Transform( 1, 0, 0, 0, 0.816332, 0.577582, 0, -0.577582, 0.816332, 0, 3.6631, 7.61316 )

[node name="InterpolatedCamera" type="InterpolatedCamera" parent="."]
transform = Transform( 1, 0, 0, 0, 0.869538, 0.493865, 0, -0.493865, 0.869538, 0, 10.3103, 15.3782 )
environment = ExtResource( 3 )
target = NodePath("../Steve/CameraTarget")
speed = 3.0
enabled = true

[node name="DirectionalLight" type="DirectionalLight" parent="."]
transform = Transform( 1, 0, 0, 0, -0.769766, 0.638326, 0, -0.638326, -0.769766, 0, 15.9737, -18.9788 )
shadow_enabled = true
shadow_color = Color( 0.796078, 0.372549, 0.223529, 1 )
directional_shadow_max_distance = 40.0
